1.
OXX..    1100000101    773
XOOX.    0011110001    241
OXOOO    1100111111    831
OXOOX    1100111100    828
OXOXX    1100110000    816

1100000101001111000111001111111100111100110011000    8501821322657760

2.
XX.O.    29    0000011101
XX.OO    31    0000011111
XXXOO    15    0000001111
XX.XO    19    0000010011
.OOOO    511   0111111111

00000111010000011111000000111100000100110111111111    31919138950655

3.
XOOOO    255   0011111111
XXXXO    3     0000000011
X.XOO    79    0001001111
XO...    213   0011010101
OOX.X    964   1111000100

00111111110000000011000100111100110101011111000100    280378769364932

4.
XOOOO    255   0011111111
XXXXO    3     0000000011
X.XOO    79    0001001111
XO...    213   0011010101
OO...    981   1111010101

00111111110000000011000100111100110101011111010101    280378769364949

